200 1251
0 124 1713507 1
0 147 15037301 1
0 88 13561835 2
0 1 5922466 2
0 85 7497743 5
0 110 355783 5
0 118 6090194 1
0 140 11077222 3
0 190 6028322 2
0 144 15293272 1
124 0 16587202 4
124 144 11814958 3
124 1 16057326 2
124 174 10342346 5
124 110 8759967 1
124 134 16867831 5
124 85 5619769 1
124 165 12461381 5
147 88 3969230 4
147 142 3644759 1
147 0 3628206 5
147 110 4102303 5
147 1 6402096 2
147 194 2041985 3
147 174 1815125 2
147 8 5456515 1
147 140 8056278 2
147 24 7323010 5
88 147 941335 1
88 168 11508144 5
88 35 11662991 1
88 24 5611514 3
88 8 4928761 5
88 140 1005475 4
88 110 12158210 4
88 17 12198446 2
88 164 6666109 4
88 112 8283016 5
1 174 1650877 1
1 110 5189555 3
85 144 1115717 3
85 190 11034271 4
85 118 19047727 3
85 1 24964953 3
85 110 12167841 3
85 114 11612800 3
85 70 311156 5
85 131 12830422 5
85 124 8256670 1
110 8 9231126 2
110 24 4548496 1
110 88 8547996 3
118 124 9834304 5
118 110 8327976 2
140 88 1320939 5
140 42 6253706 5
140 164 4228333 4
190 0 432357 2
190 144 15026676 4
144 124 12280377 4
144 85 111315 5
144 0 12888860 2
144 192 18175081 5
144 190 8079867 3
174 142 1326244 1
174 165 2886605 1
174 118 7391568 1
174 1 1834041 1
174 173 12346780 2
174 41 12707265 4
134 142 15597312 2
134 14 12802613 3
134 41 9450051 4
134 118 8031973 2
134 190 11299937 5
165 147 14996314 2
165 1 3525066 4
165 14 5877601 1
165 142 2048939 1
165 41 12216765 2
165 56 2893005 5
165 134 1937887 2
142 108 8728766 4
142 54 8480144 2
142 147 1101488 3
142 24 1236583 1
142 1 5384494 3
142 174 2284477 3
142 165 11767105 5
142 194 364280 1
194 147 13174874 3
194 96 10801464 5
194 101 5194431 4
194 54 5300205 1
194 8 7787663 1
194 24 98113 4
194 142 3834468 4
194 108 1390620 1
194 58 5948790 5
194 168 2621033 3
8 140 1852272 1
8 147 2457269 2
8 168 3304747 4
8 142 14162556 4
8 88 4318863 3
8 110 10982799 5
8 194 10618252 5
8 1 7739379 4
8 17 4065799 1
24 194 1425928 1
24 1 9629770 3
24 142 9271084 3
168 17 10881740 3
168 96 584468 3
168 88 11350490 1
168 175 13657463 2
168 8 10285373 2
168 35 12291012 3
168 58 8583395 2
168 194 8500114 1
168 24 2602613 2
35 42 943696 1
35 140 12117155 1
35 69 5784757 1
35 88 10286136 1
35 87 7893658 5
35 105 4982005 4
17 88 9374391 4
17 105 13315951 3
17 87 2212678 2
17 112 1015771 2
17 140 5148906 3
17 69 6144 4
164 88 5030559 4
164 42 3805346 3
164 69 9798868 3
164 112 3546737 2
164 17 2135188 4
112 140 6031790 2
112 87 581583 4
112 77 13124801 1
112 83 3700862 5
112 42 1345370 2
112 35 1656737 5
112 69 5794993 3
114 85 2838347 5
114 70 15370475 5
114 144 16833120 3
114 127 4362034 5
114 120 3830753 5
114 198 10274658 5
114 183 10348138 2
114 29 18895596 2
70 114 15776088 4
70 85 6827246 3
70 192 19706256 3
70 110 22428419 3
70 118 20949054 2
70 124 17054023 4
70 190 4703207 1
131 198 16067503 2
131 114 3019709 4
131 85 21234077 3
131 70 14130298 4
131 48 6030212 4
42 69 3919386 3
42 164 6610718 3
42 17 1948199 2
42 112 296485 1
42 105 3436642 4
42 87 2975479 1
42 77 943263 4
42 137 14966682 4
42 83 2110518 2
192 198 6662886 4
192 164 9737883 1
192 160 16126472 2
173 142 4166135 5
173 54 3025975 1
173 66 5745872 2
41 174 9565662 2
41 14 3276638 1
41 161 14152346 4
41 18 5029716 2
41 134 10641791 3
41 173 13808784 5
41 33 7258921 1
41 165 9714266 4
41 158 17905196 3
41 56 18383729 2
14 165 6168074 4
14 41 70332 3
14 139 12531447 1
56 54 1660747 5
56 108 7791396 5
56 66 414630 5
56 18 15484116 3
56 43 10660764 3
108 101 1786256 2
108 58 218355 5
108 96 2957865 1
108 173 682260 4
108 170 5343317 3
54 58 3125777 5
54 108 3962292 5
54 43 727712 5
54 15 14747901 4
54 66 9507015 1
54 56 3541466 4
54 194 10900008 3
54 19 8257656 4
54 142 10745598 5
96 108 13944507 2
96 72 1065733 2
96 194 14335088 2
96 58 3139428 2
96 175 1084523 4
96 168 541857 4
96 24 284137 3
96 101 1734138 5
96 172 13124434 3
101 108 3993848 5
101 172 2217692 3
101 24 5670386 1
101 8 19183642 5
101 96 705480 1
101 168 378485 1
101 175 15019363 3
101 194 8888834 1
58 108 194409 5
58 96 1897465 3
58 43 11816347 4
175 17 20719136 5
175 84 7761548 1
175 69 2506642 1
175 168 9068175 2
175 172 6357717 2
175 141 16728939 5
175 101 4837140 3
175 72 10237919 2
175 157 5024451 1
175 96 9269739 5
69 105 10691334 2
69 77 9364409 3
69 42 692322 2
69 73 3484744 2
87 17 850963 5
87 83 7426718 3
87 35 994444 5
87 69 7486940 4
87 164 8024405 4
87 77 9511066 5
87 137 7357627 3
87 42 1153012 3
87 112 734063 3
87 105 800856 2
105 83 5252816 2
105 164 2235715 1
105 42 3283458 2
105 44 13062477 3
105 69 2270617 5
105 35 3957318 5
105 112 1729848 3
105 87 935335 5
77 42 10552391 5
77 105 3815137 2
77 87 2345024 1
77 137 6270310 1
77 90 4707793 2
77 153 1247492 5
83 42 7566154 5
83 77 5580379 4
83 100 8982800 2
83 69 996315 1
83 73 6918657 5
83 46 1899882 1
83 49 7675284 3
127 53 8904628 5
127 198 9006030 2
127 183 1186169 2
127 103 1891168 5
127 125 8574893 1
120 29 5083105 1
120 131 9085492 5
120 53 9511713 5
120 125 7955669 4
198 114 4818631 4
198 192 612888 2
198 127 5918870 2
183 29 23308 5
183 114 5646522 1
183 198 12885056 3
183 103 7696878 4
183 127 5702870 3
183 192 16657425 3
183 53 8861134 5
183 131 17977059 2
29 127 3224091 1
29 131 9603550 1
29 192 6579742 1
29 125 23957652 2
29 198 15092455 2
29 103 10307813 3
48 44 6223456 3
48 105 12462840 5
48 198 4884503 1
48 125 2287642 4
137 90 5060187 1
137 46 4000139 1
137 49 2183627 2
137 44 4066979 3
137 77 12570366 1
137 100 2670713 4
137 83 3529638 4
137 182 7835633 5
160 125 15376667 2
160 90 4504193 3
160 44 1844097 2
160 192 5697663 4
160 153 92074 2
160 105 5871554 4
160 198 3736301 1
160 48 152853 2
160 103 3530630 5
160 77 7316840 1
66 56 9350480 3
66 43 645157 1
66 173 3530023 5
66 18 11995921 1
66 54 6099600 5
66 158 7045559 2
66 33 5152452 5
66 163 5067530 5
66 75 3997249 2
161 33 10354535 2
161 66 11327070 3
161 159 14653680 3
161 14 6859312 4
161 109 11019413 4
161 68 14206899 3
161 158 9566254 4
18 41 13112831 2
18 173 27210 5
33 161 11794854 5
33 41 8928916 4
33 66 2589734 4
33 56 1204732 5
33 158 940494 2
33 173 11994931 3
33 75 9207043 2
33 14 11140614 3
33 18 1473079 5
158 75 3321114 5
158 161 6207416 1
139 75 6799154 1
139 109 8935571 3
139 158 10639547 4
139 68 7450633 1
139 161 2405604 1
139 38 7248187 5
139 25 78641 3
43 56 12026812 5
43 58 819708 5
43 54 1172629 3
43 108 10843530 5
43 170 2517914 4
170 96 5011638 2
170 108 363553 3
170 43 3044213 2
170 15 7928912 5
170 19 4961317 1
170 78 10960325 1
170 107 3599775 2
170 59 10448374 5
15 75 4896689 5
15 43 1463226 2
15 108 11691063 4
15 58 5497847 3
15 19 1624913 3
19 43 6073759 5
19 163 1427452 1
19 78 7291722 3
19 75 8565234 3
19 59 3952690 4
19 58 11342062 5
19 32 12105145 4
72 157 1309162 5
72 96 2820113 3
72 121 10207568 5
72 4 8116958 4
72 175 4467860 5
72 141 8464786 3
72 86 9878094 3
72 84 2655263 3
72 172 4695259 3
72 51 18714049 4
172 128 2990330 2
172 170 16359263 1
172 175 13633352 5
84 73 19428862 5
84 141 10279984 2
84 4 380098 1
84 72 3929680 4
84 135 6437813 5
84 175 4867941 2
84 65 3535084 2
84 172 660329 5
84 86 8385516 3
84 157 1513004 1
141 72 973693 5
141 135 8411008 3
141 86 2156828 3
141 4 4910030 3
141 121 1644860 1
141 146 11641003 5
141 84 9958378 1
141 71 2179959 4
157 84 1323926 3
157 69 5694419 4
157 73 14847353 3
157 65 5100874 3
157 86 4840744 4
73 46 12496124 2
73 69 9451624 3
73 105 13312290 1
73 49 13195129 4
73 42 6034923 2
73 87 1861646 2
73 84 13203953 4
44 153 2190748 4
44 77 1243824 3
44 103 18782173 3
44 90 860774 3
90 153 2759588 2
90 160 1409533 4
90 100 12047395 1
90 103 10919124 5
90 48 12621216 1
90 44 1107442 3
90 105 1764170 4
90 77 5855776 2
90 137 6964097 3
153 44 2935530 3
153 160 2166880 5
100 83 11254241 1
100 44 9222007 3
100 189 13225506 3
100 137 3008800 2
100 90 14575760 2
100 46 5007363 4
100 182 9026316 1
100 52 3885418 1
100 60 2436159 5
46 100 7766270 4
46 49 114741 2
46 90 259712 4
46 60 8778993 4
46 77 17001069 1
46 182 652684 2
46 137 661259 4
46 22 17753171 4
46 83 7188803 5
49 137 1758895 3
49 100 2794621 2
49 77 2743443 1
53 183 9282201 5
53 114 6159167 2
53 127 12043715 2
53 131 157209 1
103 93 15245689 3
103 160 7260209 4
103 125 3527358 4
103 48 2020539 1
125 103 6475879 5
125 153 18677756 4
125 198 617943 2
125 48 7895737 1
125 93 5646975 4
125 127 18607727 2
182 189 13673712 4
182 197 15612029 3
182 20 9971896 1
182 52 11295656 1
182 49 1332098 1
163 170 3085653 1
163 19 1978576 5
163 54 8699205 1
163 75 7050473 4
163 59 11688612 5
163 78 5075677 1
163 15 580927 4
75 33 4480948 2
75 15 12277048 1
75 163 8366073 5
75 66 4306766 3
75 19 14195962 1
75 158 8485400 4
75 32 10657645 5
75 43 9467522 4
75 38 3203487 1
75 18 13889885 4
159 18 4173904 3
159 6 14855644 2
159 109 3554386 2
159 68 9448811 5
159 25 26045333 3
159 139 3426781 5
109 38 3268610 3
109 139 6825509 2
109 67 8772320 5
109 6 9421156 4
109 68 873004 3
109 161 12374316 1
68 25 12481680 4
68 109 16043545 2
38 109 4984623 1
38 32 15673946 2
38 25 60706 2
38 6 2770567 2
38 158 3124579 4
38 149 9634470 2
38 188 1163222 5
25 139 1577604 3
25 75 11550401 4
25 6 2559303 2
25 67 15245537 5
25 38 4541416 4
25 109 3412379 1
25 68 20866157 2
25 158 9810893 4
78 107 1941459 4
78 19 1140574 5
78 51 12575940 1
78 59 891554 4
78 163 6872755 5
78 128 5245603 3
78 45 9079681 3
78 31 8508930 5
107 51 2046019 4
107 172 11114354 5
107 31 4555004 3
107 162 979251 3
107 106 8782543 5
59 107 2401716 4
59 19 7646263 4
32 67 7577448 4
32 15 14159627 3
32 36 12904776 4
32 163 1401756 2
32 75 12953707 4
32 149 2749076 2
32 19 5770449 1
32 148 470775 1
32 188 315045 5
32 38 14904016 5
121 99 2241138 4
121 97 6825447 1
121 146 5170343 3
121 106 1533873 2
121 86 3160713 5
121 4 5311270 2
121 27 1137481 2
121 141 5024499 1
121 71 3834240 1
121 135 6769204 1
4 86 3272666 4
4 121 6153090 2
86 146 11952601 3
86 71 7654515 4
86 157 1292719 2
51 99 11975850 5
51 89 3105210 3
51 27 6277132 1
51 128 6224187 3
51 172 5882866 1
51 106 861782 2
51 31 2571694 2
51 107 9002665 5
51 162 5508852 2
51 71 11839825 2
128 107 4034683 4
128 31 3067037 3
128 78 4913013 2
128 45 4302252 4
128 40 1086557 2
128 106 1931743 5
135 138 2366777 1
135 65 11828478 1
135 99 12307697 2
135 141 5045797 1
135 71 595670 4
135 97 3777096 4
135 121 5836094 1
65 157 2205688 5
65 138 11912255 2
65 179 17535327 5
65 123 8571828 5
65 9 4873008 2
65 177 822819 4
65 81 1698003 3
146 121 6039152 2
146 71 7818762 3
146 135 4805709 3
146 80 1968896 5
71 51 6224407 4
71 106 6576712 2
71 99 2589962 1
71 162 1833500 4
71 121 5989721 4
71 27 1582465 5
189 52 498302 2
189 195 14833905 5
189 37 2690484 5
189 182 7327715 1
189 100 15082908 2
189 184 9338387 4
189 60 11588111 2
189 156 201397 4
189 2 6638351 5
52 189 4209396 1
52 195 3310113 5
52 2 3515176 5
52 182 10311560 3
52 37 8805558 2
52 184 7826223 3
52 60 1251273 2
60 182 1493599 2
60 46 13441920 3
60 197 13976629 1
60 22 6633368 2
60 100 14014557 3
60 155 442342 2
60 156 466071 5
60 52 3320879 5
60 189 11631550 1
22 100 11580524 1
22 123 1680662 4
22 46 5927297 3
22 49 8860968 5
22 182 8168913 2
22 20 892822 2
22 57 11985338 4
93 153 8037010 1
93 52 479106 1
93 37 14212296 1
93 2 6567596 5
197 57 5437424 5
197 143 7569160 1
197 60 12263381 2
197 123 1907427 4
197 111 3869601 1
197 176 9251049 2
20 60 6684219 3
20 187 7777927 4
20 22 12171794 2
20 12 73056 1
20 52 6776144 1
20 155 2234247 4
20 156 13792282 4
6 139 18615170 4
6 32 22242510 2
6 109 2575099 1
6 188 18159704 3
6 149 15834512 5
6 38 9265655 1
6 148 13960668 1
6 67 3499195 1
6 75 9222482 4
6 25 5045977 2
67 76 17902786 3
67 6 9835656 4
67 148 1975545 4
67 75 6721744 2
67 32 6077794 4
149 188 265509 5
149 32 4484840 1
149 25 14254813 2
149 36 16017958 3
149 38 1392388 4
188 6 8434333 3
188 25 1553317 4
188 36 2241336 2
188 149 1099178 1
188 32 3574287 4
188 180 15600960 4
45 36 3781757 4
45 107 8992084 4
31 47 3681170 3
31 106 2380377 4
31 51 14856413 3
31 89 5828306 4
31 162 6479115 1
31 45 8467369 3
31 128 5434771 3
31 117 11923156 4
31 40 4610377 2
31 107 8947482 5
162 99 6190978 5
162 31 2028599 2
162 106 1241948 1
106 89 2455107 3
106 121 4795913 2
106 107 7592152 1
106 99 3378494 3
106 128 8502984 5
106 31 14195951 3
106 71 3927357 1
36 148 17404762 4
36 180 4023172 5
36 31 5718834 2
36 40 11094845 4
36 116 5872821 5
36 45 6422387 5
36 47 12418251 5
36 76 4012085 3
36 32 9871066 1
36 152 6847196 1
148 6 8684592 3
148 76 5485686 4
148 32 17196101 5
148 36 12789526 4
148 116 9882868 3
148 188 234237 3
148 149 11187153 1
148 152 14358411 5
148 67 6592364 4
148 180 4469879 3
99 162 3990469 4
99 27 2615440 1
99 121 4965673 4
99 141 6119668 2
99 7 870871 4
97 146 6876264 1
97 138 10667579 3
97 121 10720074 4
97 10 10774307 4
97 4 2640440 1
97 122 2644253 3
97 132 13299341 5
97 28 4877844 2
27 106 3791482 4
27 51 4795972 3
27 55 3089449 2
27 95 1073567 3
27 7 9221789 5
27 89 5698401 5
27 71 745386 4
27 99 549372 4
27 162 7366658 5
27 121 6880145 3
89 106 4749169 2
89 162 1487342 2
89 71 1995055 5
89 128 13152385 3
40 128 5102461 5
40 89 5273431 1
138 151 15202916 4
138 123 6434196 5
138 177 9512433 2
138 135 11795434 1
138 81 2148242 4
138 9 5309267 2
138 4 6376374 2
138 171 14628916 3
138 97 5989776 2
138 65 1852173 3
179 123 1491272 5
179 176 4384172 5
179 197 2990174 2
179 151 12091531 1
179 143 441388 5
179 177 2032217 3
179 145 2558775 5
123 171 15850294 1
123 177 4026163 1
123 111 14708122 5
9 171 2386910 3
9 138 5224970 2
9 111 724029 5
9 167 16343 3
9 3 6825307 1
177 111 12070883 5
177 179 3611614 3
177 81 6232260 2
177 143 10010977 3
177 197 5233020 4
81 9 2895841 2
81 151 18941723 4
81 157 16561535 3
81 197 6816462 3
81 177 2322971 1
81 65 1359568 1
80 146 7515398 2
80 94 8573340 3
80 10 4412498 4
80 28 5171765 4
80 97 1142193 1
80 132 5163246 2
80 91 13163254 4
80 122 3778275 4
80 98 3683489 5
80 115 7680603 5
195 20 1382585 3
195 184 631423 1
195 189 14168550 5
195 126 8731527 1
195 13 907938 3
37 93 5158588 4
37 2 6372401 2
37 189 9932017 1
37 184 371324 1
37 195 4133852 3
37 13 10251716 4
184 2 5424628 4
184 195 12079016 2
156 37 2120090 4
156 12 3395937 4
2 60 6661033 5
2 52 1251920 1
2 189 4719952 3
2 93 3072705 1
2 195 17135951 1
2 184 1903668 2
2 37 3787284 3
2 13 10947748 2
2 100 6486991 2
2 156 4308180 5
155 30 15003714 3
155 126 464917 2
155 187 4121222 3
155 5 4425618 3
57 26 5563016 1
57 179 14899707 3
57 145 4836875 4
143 179 3017076 5
143 145 9625143 3
143 197 5765983 5
143 177 5819542 3
143 111 11246466 2
143 176 685844 3
143 167 10072107 2
143 57 1820694 1
143 26 5078407 1
111 145 517938 2
111 177 7279294 1
111 143 165145 5
111 171 4367493 1
111 151 8461675 3
111 3 979825 5
111 26 938444 2
111 16 4736153 4
176 197 1248295 1
176 57 1306211 3
176 30 10871346 5
176 143 1131690 3
176 145 11278639 3
176 167 10343297 4
176 111 8759554 3
176 177 5713692 5
176 179 9259692 1
187 195 10632076 1
187 12 2317562 5
187 5 6980806 5
187 185 3314798 4
187 178 15993602 5
12 195 5388437 2
12 155 1130431 1
12 5 1193315 4
12 57 1415739 2
12 185 14863720 2
12 20 7923025 2
12 13 1219716 1
12 126 6919962 4
76 47 9422381 1
76 188 8518447 5
76 45 14556868 4
76 40 1875025 5
180 116 115729 2
180 152 5550964 1
180 149 12512258 2
180 40 502647 3
47 180 4600002 5
47 152 6634044 1
47 130 6336320 5
47 40 4156040 3
47 11 6257248 4
47 117 4806895 2
117 11 909443 3
117 130 930830 5
117 34 4832451 2
117 89 14793193 2
117 23 3635953 4
116 117 10126374 1
116 148 2640696 2
116 45 5505767 4
152 40 2889703 1
152 31 6852092 1
152 117 13187691 2
152 76 5402227 1
7 91 5023666 4
7 23 6189998 4
7 169 2828330 4
7 95 3852641 1
7 130 6433360 2
7 113 6229492 5
7 55 1317163 1
10 122 1202350 5
10 119 12166891 5
10 132 199820 3
10 98 6209624 3
10 80 1016821 2
10 28 171834 1
10 166 16296496 5
10 136 10054564 3
122 98 11409989 3
122 119 722327 1
122 28 3385269 4
122 132 627953 5
122 94 4418014 5
122 80 7712753 5
122 97 3038759 2
122 10 2509354 3
122 136 9476453 1
132 94 6650603 1
132 10 258310 5
28 166 6821137 2
28 97 6214606 2
28 119 753461 4
28 122 646484 2
55 23 3324188 1
55 95 93988 3
55 130 11116693 5
55 91 2498735 5
55 27 5229410 2
95 89 2618786 1
95 130 1906742 2
95 91 9573445 3
95 7 3400483 2
95 113 5778289 5
95 55 1455273 1
151 16 1818122 5
151 3 8102863 5
171 111 5535567 4
171 177 7344997 1
171 9 4306846 1
171 26 6355857 4
171 167 78700 1
171 179 12292119 2
171 3 1072466 2
145 151 7897487 2
145 167 2226547 2
145 16 5577229 4
145 82 11182287 5
167 3 2758975 3
167 191 1365066 5
167 16 945462 1
167 26 9412749 2
167 151 7646449 4
167 171 2454289 5
167 21 1805599 3
167 111 1463627 4
167 145 3576853 4
167 82 4996158 4
3 145 7456971 2
3 16 5032242 3
3 171 2892572 5
3 167 3967512 3
3 111 6002572 3
3 151 7411011 5
3 9 6817987 5
3 26 10611050 5
3 82 13633258 5
3 191 11456132 3
94 80 12834052 1
94 136 14612156 3
94 97 11926233 5
94 92 4839239 5
91 80 9665662 2
91 7 8980354 1
91 169 83923 4
91 61 16803 4
91 98 5774516 3
91 95 10214902 5
91 50 5940883 1
98 91 776889 2
98 80 2963786 1
98 50 3863407 3
98 10 5258161 4
98 61 7961699 4
115 80 5833027 2
115 61 10433302 1
115 95 4195181 1
115 91 88899 3
126 195 8243489 1
126 37 3644438 5
126 20 878456 2
126 5 467988 2
126 156 5582784 3
13 20 5091177 1
13 195 3095913 3
13 37 5847620 1
13 12 3128772 4
13 126 1561396 1
13 155 14858200 3
13 156 1073742 5
30 196 3611016 3
30 178 8560447 1
30 193 10074716 2
30 62 5603076 5
30 26 5430079 1
30 185 11140149 3
30 176 1021659 3
30 64 982459 3
30 57 14094042 5
30 143 9005161 1
5 126 1479088 3
5 185 4811 5
5 30 7571883 4
5 187 5954748 5
5 20 15581906 1
5 178 6087216 3
5 155 2087970 4
5 13 4604583 2
26 30 8535152 1
26 143 7852217 1
16 145 3915958 3
16 171 8162126 4
16 167 476134 1
16 26 2901740 5
16 21 4088421 2
16 111 8249540 3
185 12 13610751 1
185 62 7689966 3
185 104 18625847 5
185 30 8042013 5
185 187 5353765 4
185 155 6722204 4
185 64 12684 4
185 5 6367614 2
185 178 5418612 4
185 193 9847014 4
178 62 4044428 4
178 64 956984 2
178 30 16870341 3
178 104 12376391 4
178 12 13286607 4
178 5 5393522 2
130 7 6650378 2
130 34 11865101 3
130 23 804617 4
130 11 7754006 4
130 169 10087911 5
130 47 4498771 2
130 117 531613 3
130 95 9833200 5
130 113 6125125 3
130 55 593716 5
11 152 8006546 1
11 130 8360264 1
11 117 1021126 1
11 34 11055894 4
11 116 5250815 5
11 40 3506126 2
11 23 6048757 4
11 31 18985683 4
11 113 16404760 2
34 130 5492329 2
34 95 16114464 4
34 23 10238625 5
34 11 3505752 3
34 117 600837 4
34 113 6194837 1
34 55 19956720 3
34 129 1456912 1
23 130 1223767 4
23 7 2282597 5
23 95 7811474 1
23 89 3852569 2
23 117 5709136 1
23 34 8013682 4
23 55 7505424 5
169 91 2579396 1
169 115 1521356 3
169 50 2435124 1
169 27 16439188 1
169 113 3035763 5
169 55 6089842 1
169 7 7920656 4
113 91 2693190 5
113 129 12535338 3
113 23 6287314 1
113 169 1844522 1
113 95 9769868 1
113 55 10235535 2
113 7 4922692 5
113 130 11441333 3
113 115 7796411 3
113 34 6603369 1
119 133 385944 4
119 102 4864695 4
119 79 864395 3
119 132 14090109 4
119 154 4940634 2
119 92 1135668 3
119 10 2855953 5
119 166 3582223 1
166 79 4817299 2
166 132 4774246 4
166 10 7004504 2
136 10 1422006 1
136 166 2025325 1
136 102 2541353 5
136 132 7615446 1
136 119 35517 5
136 94 9471725 4
82 26 221340 3
82 145 9779814 4
82 191 10528428 4
82 64 4602823 2
82 21 1546323 3
82 167 13320215 3
82 62 7344302 3
82 16 6238489 4
82 196 4262787 3
82 30 185928 1
191 21 439186 1
191 111 4082526 2
191 151 121086 4
191 167 8744366 4
191 171 17191381 1
191 3 12262979 1
191 196 13098393 1
21 62 49197 5
21 16 5536274 2
21 191 2126862 1
21 111 378250 2
21 196 9177320 3
21 167 14543481 3
92 132 709941 4
92 79 1041746 3
92 154 209571 4
92 102 965672 1
61 102 10930214 4
61 199 226651 2
61 98 2736932 3
61 50 255038 5
61 133 5629826 1
61 115 4579252 3
61 74 15031713 3
61 181 1958562 4
61 154 2873331 4
61 91 11505645 5
50 181 394444 5
50 61 1106559 3
50 133 10422626 2
196 193 8742208 1
196 16 10073949 4
196 21 2465037 3
196 82 1937559 1
196 62 8904807 2
196 64 322596 5
193 185 11318610 2
193 62 1766371 5
193 178 5260169 3
193 196 9312713 1
193 104 3302118 4
193 5 24404872 2
193 30 10262431 5
193 26 22028571 3
193 64 5803092 5
193 82 17925655 4
62 104 11105265 2
62 193 1639559 5
62 82 3033693 4
62 185 12851390 1
62 196 3518990 4
64 30 3690243 1
64 104 10157152 1
64 196 6186832 3
104 193 10563398 1
104 26 26305968 2
129 130 3992797 4
129 150 11718384 4
129 186 3524765 1
129 34 12027644 4
129 63 7903695 4
129 39 11940886 4
133 136 3093428 3
133 50 6588058 1
133 79 7279786 5
133 61 189544 1
133 154 1469048 3
102 92 1291254 5
102 154 1643526 4
102 133 3118575 1
102 79 6627148 1
102 61 7446059 2
102 50 2791309 4
102 136 2800491 3
102 119 11170591 5
102 181 8745871 4
79 132 14089356 4
79 133 4988263 5
79 154 3344695 5
154 133 1886862 2
154 50 5127305 3
154 79 9878124 3
154 98 12638964 3
154 102 657215 1
154 61 3590898 1
154 136 9307645 5
199 133 3640774 2
199 181 4146581 1
199 98 1954253 3
199 154 2019749 5
199 150 277222 2
199 102 5685521 3
199 74 4504013 4
74 39 1233127 1
74 61 9564832 3
74 63 13855031 3
74 181 869335 2
181 50 2846307 4
181 115 13074884 2
150 61 9543759 5
150 186 17044780 4
150 129 10088844 5
150 113 256421 3
150 181 1578407 5
186 23 9105807 2
186 199 13648966 1
186 63 1070410 4
186 113 19661811 4
186 39 5652 1
186 74 9511477 3
186 34 24231613 1
186 129 3203491 1
186 181 5809138 4
186 150 8353821 4
63 129 3155776 3
63 23 33832493 5
63 113 18003499 1
63 39 4158629 4
63 181 21463418 4
63 34 13623158 2
63 186 614438 5
63 150 12667487 5
63 74 19300370 5
63 199 19114850 2
39 113 20384189 4
39 61 16528616 4
