301 197
31
116
154
187
279
290
290
317
411
469
539
613
654
698
784
848
923
1018
1019
1063
1132
1227
1256
1302
1320
1376
1404
1490
1588
1663
1707
1736
1748
1783
1797
1801
1899
1965
2049
2141
2218
2272
2338
2408
2458
2510
2544
2622
2622
2658
2732
2801
2884
2887
2954
2955
2967
3062
3101
3163
3185
3221
3264
3298
3369
3379
3470
3539
3615
3690
3752
3805
3886
3966
3989
4072
4157
4215
4276
4361
4407
4495
4501
4582
4625
4698
4780
4787
4807
4881
4950
4993
5003
5016
5045
5126
5149
5169
5171
5222
5269
5333
5338
5366
5463
5491
5503
5585
5623
5648
5715
5751
5816
5889
5906
5915
6013
6065
6081
6099
6125
6163
6176
6212
6215
6258
6275
6353
6368
6387
6416
6479
6515
6549
6592
6677
6692
6699
6766
6819
6904
6938
6980
7030
7089
7148
7159
7216
7227
7255
7282
7319
7337
7378
7451
7472
7508
7550
7649
7652
7666
7694
7760
7762
7777
7839
7926
7956
7977
7983
8018
8024
8064
8141
8150
8201
8290
8310
8370
8370
8370
8409
8499
8517
8597
8612
8651
8719
8729
8819
8891
8915
8934
9024
9102
9136
9140
9157
9173
9199
9222
9273
9357
9372
9453
9498
9564
9634
9700
9778
9800
9818
9835
9899
9936
9986
10066
10094
10112
10154
10173
10215
10233
10271
10304
10400
10424
10461
10474
10514
10529
10565
10608
10608
10659
10683
10728
10797
10843
10906
10953
11022
11104
11120
11153
11224
11290
11355
11454
11491
11498
11516
11595
11620
11628
11692
11713
11797
11799
11885
11909
11926
12000
12068
12137
12162
12206
12273
12319
12410
12492
12585
12645
12709
12771
12816
12903
12931
12942
13029
13046
13116
13173
13270
13366
13384
13445
13514
13516
13531
13587
13614
13699
13729
13776
13782
13790
13833
13906
13960
13994
8
8
54
78
140
232
244
286
341
392
452
477
485
494
567
593
663
706
735
773
824
832
855
888
895
924
1017
1067
1122
1122
1207
1270
1270
1301
1388
1402
1477
1528
1584
1666
1668
1736
1744
1755
1832
1865
1954
1954
2030
2100
2138
2217
2295
2308
2373
2410
2452
2510
2598
2647
2705
2730
2794
2804
2860
2912
2936
3020
3023
3056
3122
3128
3181
3207
3276
3307
3367
3377
3460
3548
3629
3650
3670
3681
3715
3800
3849
3877
3920
4009
4087
4141
4155
4197
4261
4283
4329
4370
4376
4378
4404
4429
4489
4568
4619
4700
4762
4825
4916
4961
5013
5037
5055
5127
5163
5167
5176
5213
5246
5250
5276
5339
5397
5437
5494
5569
5631
5687
5703
5724
5782
5876
5974
6044
6117
6118
6169
6257
6322
6416
6449
6518
6537
6541
6634
6689
6697
6699
6791
6832
6838
6908
6964
6981
6991
7057
7149
7173
7195
7255
7352
7432
7486
7581
7583
7662
7759
7812
7879
7893
7992
8045
8128
8146
8203
8279
8352
8417
8447
8464
8523
8559
8646
8713
8718
8767
8800
8897
8923
8978
9035
9058
9145
9208
9279
9368
9411
