2924 1378
20
114
124
158
252
315
332
396
416
461
551
589
664
671
768
831
878
942
1011
1059
1157
1223
1297
1302
1378
1428
1521
1560
1581
1615
1697
1738
1767
1860
1887
1962
1970
2014
2053
2082
2171
2200
2267
2283
2372
2388
2467
2555
2635
2683
2719
2749
2816
2879
2967
3010
3023
3104
3138
3224
3291
3308
3387
3435
3497
3503
3526
3596
3598
3613
3712
3755
3799
3817
3876
3961
3995
4033
4106
4173
4212
4274
4323
4329
4354
4391
4392
4482
4552
4587
4663
4701
4705
4712
4798
4864
4877
4939
5028
5095
5172
5212
5222
5295
5354
5423
5482
5527
5586
5670
5682
5732
5778
5792
5800
5823
5874
5883
5896
5970
6067
6108
6120
6121
6169
6219
6239
6252
6264
6273
6353
6394
6443
6485
6500
6508
6571
6597
6651
6674
6736
6754
6779
6788
6820
6854
6938
6974
7017
7115
7177
7269
7360
7434
7528
7620
7696
7710
7767
7856
7879
7969
7999
8023
8055
8152
8185
8281
8304
8343
8414
8500
8509
8605
8652
8746
8828
8911
8993
9071
9104
9148
9218
9243
9313
9329
9398
9444
9474
9500
9587
9592
9608
9678
9708
9709
9728
9743
9840
9935
9941
9961
9994
10061
10129
10161
10222
10273
10288
10331
10412
10461
10500
10551
10625
10634
10702
10745
10753
10803
10824
10919
10927
10965
10982
11072
11163
11200
11257
11345
11377
11440
11500
11517
11547
11575
11624
11668
11699
11763
11802
11814
11827
11906
11922
11961
12049
12085
12119
12167
12253
12309
12405
12499
12545
12558
12594
12631
12633
12726
12803
12889
12897
12934
12937
13028
13045
13097
13132
13133
13202
13276
13289
13371
13376
13457
13479
13573
13590
13598
13692
13696
13760
13850
13900
13962
14018
14057
14156
14214
14246
14274
14371
14412
14477
14477
14509
14544
14549
14568
14604
14678
14771
14772
14780
14879
14962
15044
15089
15089
15180
15271
15327
15382
15464
15523
15593
15631
15729
15798
15846
15876
15926
15971
15994
16009
16107
16162
16164
16219
16245
16283
16312
16384
16424
16513
16584
16607
16679
16747
16822
16885
16896
16928
16998
17091
17134
17174
17257
17298
17360
17392
17415
17427
17504
17551
17630
17657
17711
17793
17875
17956
18028
18091
18144
18156
18209
18285
18372
18397
18493
18508
18548
18555
18602
18612
18665
18707
18710
18746
18829
18894
18962
18968
18997
19095
19100
19160
19185
19197
19239
19299
19344
19411
19434
19532
19611
19639
19665
19684
19689
19763
19797
19842
19875
19908
19916
20002
20077
20088
20111
20121
20149
20192
20260
20269
20362
20436
20505
20576
20614
20678
20709
20792
20823
20829
20910
20920
21007
21066
21147
21239
21272
21339
21429
21495
21547
21597
21602
21629
21642
21722
21811
21904
21927
21985
21987
22056
22140
22211
22251
22273
22360
22383
22388
22406
22487
22525
22606
22674
22771
22833
22846
22928
23010
23013
23013
23047
23052
23057
23071
23089
23174
23177
23188
23249
23310
23375
23405
23502
23590
23612
23631
23707
23752
23776
23870
23896
23910
23985
24080
24091
24181
24241
24286
24358
24373
24419
24425
24445
24496
24516
24606
24695
24719
24772
24822
24859
24877
24909
24944
25002
25008
25014
25048
25099
25182
25211
25240
25337
25393
25469
25530
25628
25664
25670
25740
25791
25843
25872
25895
25951
25952
25965
26010
26087
26153
26200
26215
26251
26282
26284
26379
26416
26476
26505
26545
26588
26598
26667
26760
26779
26877
26931
26948
26982
26994
27034
27072
27137
27206
27267
27340
27410
27437
27507
27555
27648
27665
27680
27762
27762
27831
27908
27997
28078
28136
28165
28242
28311
28361
28431
28471
28519
28595
28652
28687
28775
28872
28897
28902
28920
28958
29036
29077
29142
29190
29231
29242
29259
29315
29408
29477
29554
29624
29682
29740
29820
29907
29942
29991
30081
30138
30227
30317
30350
30449
30474
30496
30544
30546
30625
30692
30733
30791
30799
30805
30863
30912
30929
30957
31014
31076
31173
31259
31343
31399
31495
31560
31655
31739
31805
31890
31931
31987
32063
32138
32145
32198
32247
32302
32358
32386
32408
32457
32495
32577
32632
32729
32812
32837
32862
32954
33041
33115
33145
33169
33199
33226
33315
33341
33352
33407
33470
33474
33537
33628
33659
33729
33774
33806
33832
33885
33946
33946
33948
33999
34034
34043
34043
34113
34199
34276
34339
34413
34465
34558
34608
34690
34762
34801
34861
34944
34990
35014
35054
35064
35131
35202
35234
35246
35250
35308
35325
35342
35353
35424
35492
35590
35671
35692
35760
35827
35925
36008
36101
36151
36228
36323
36408
36457
36491
36536
36621
36702
36723
36748
36791
36880
36928
37003
37056
37108
37194
37217
37286
37335
37429
37519
37566
37593
37604
37619
37666
37727
37826
37918
37930
37958
38046
38143
38172
38246
38340
38406
38413
38481
38524
38526
38583
38675
38753
38815
38911
38927
39012
39030
39095
39127
39135
39147
39158
39229
39308
39318
39350
39380
39383
39479
39489
39532
39625
39717
39786
39826
39884
39961
39969
39971
40050
40067
40113
40122
40201
40243
40268
40285
40345
40387
40436
40456
40510
40522
40613
40699
40722
40798
40866
40944
41016
41095
41116
41134
41157
41247
41257
41338
41357
41375
41410
41461
41496
41577
41637
41703
41727
41765
41848
41932
42012
42096
42153
42240
42289
42337
42410
42482
42558
42651
42701
42702
42726
42749
42768
42815
42828
42857
42938
43023
43122
43138
43174
43260
43358
43406
43458
43480
43566
43654
43712
43779
43803
43818
43824
43897
43913
43992
44037
44081
44105
44152
44197
44246
44316
44380
44428
44464
44509
44538
44559
44603
44649
44658
44688
44732
44789
44824
44842
44886
44909
44937
45000
45047
45143
45212
45233
45297
45297
45315
45323
45399
45465
45519
45544
45580
45650
45676
45748
45764
45819
45864
45876
45877
45931
46026
46123
46135
46165
46232
46240
46245
46341
46364
46416
46460
46504
46529
46537
46633
46729
46745
46817
46879
46949
46999
47049
47142
47218
47293
47302
47333
47353
47374
47459
47534
47602
47636
47675
47773
47775
47874
47877
47927
47949
47957
48003
48069
48154
48208
48270
48351
48373
48459
48554
48599
48635
48733
48771
48783
48856
48903
48999
49092
49112
49145
49165
49254
49273
49284
49323
49396
49406
49501
49524
49556
49559
49580
49630
49670
49745
49809
49831
49881
49932
50001
50096
50135
50202
50235
50239
50279
50311
50363
50449
50453
50538
50596
50641
50645
50715
50800
50878
50958
51038
51091
51156
51191
51266
51281
51356
51358
51390
51439
51491
51574
51593
51692
51766
51804
51836
51914
51993
52009
52039
52056
52077
52092
52167
52233
52305
52350
52353
52355
52433
52468
52523
52566
52636
52718
52728
52826
52863
52905
52952
52993
53070
53088
53129
53181
53238
53263
53293
53381
53423
53484
53489
53504
53532
53564
53597
53649
53679
53716
53770
53778
53802
53864
53867
53962
54058
54071
54164
54197
54205
54297
54372
54457
54468
54536
54573
54641
54734
54754
54810
54897
54930
54943
54997
55010
55107
55195
55261
55288
55365
55437
55524
55525
55559
55649
55697
55728
55784
55877
55893
55957
56043
56086
56135
56232
56243
56282
56299
56356
56367
56392
56488
56584
56622
56673
56682
56717
56756
56783
56798
56866
56866
56868
56937
57023
57116
57186
57255
57256
57319
57357
57422
57423
57504
57570
57668
57713
57770
57837
57891
57959
58051
58101
58165
58247
58300
58326
58344
58388
58441
58526
58538
58543
58630
58664
58708
58740
58744
58757
58790
58809
58860
58910
58931
59016
59033
59104
59186
59260
59351
59387
59430
59513
59551
59610
59676
59768
59853
59889
59925
60016
60037
60038
60134
60194
60229
60269
60362
60453
60459
60537
60599
60608
60637
60672
60766
60812
60871
60899
60919
60969
61033
61048
61081
61136
61163
61214
61261
61325
61412
61447
61502
61562
61650
61702
61723
61798
61842
61908
61974
62024
62068
62149
62209
62282
62298
62304
62375
62450
62485
62529
62554
62605
62664
62675
62733
62771
62833
62890
62893
62895
62988
63046
63108
63141
63203
63286
63295
63302
63351
63426
63435
63481
63489
63558
63577
63602
63630
63721
63773
63788
63823
63901
63919
63965
64006
64083
64168
64171
64205
64245
64250
64329
64427
64447
64460
64521
64576
64598
64618
64675
64724
64753
64756
64766
64817
64891
64926
64957
65022
65109
65155
65207
65224
65240
65339
65349
65394
65430
65444
65524
65552
65623
65634
65660
65703
65779
65818
65917
65967
65978
66034
66086
66127
66138
66200
66292
66377
66426
66501
66552
66588
66661
66716
66722
66811
66817
66833
66868
66962
67044
67111
67133
67139
67217
67266
67315
67370
67410
67410
67467
67519
67575
67584
67629
67696
67767
67856
67909
67929
67993
68049
68058
68095
68106
68173
68199
68269
68304
68317
68381
68399
68479
68566
68642
68653
68741
68766
68784
68812
68890
68965
68997
69031
69116
69193
69247
69255
69321
69380
69461
69491
69558
69600
69619
69649
69658
69704
69704
69800
69811
69876
69890
69982
69986
70028
70031
70123
70143
70164
70236
70334
70382
70387
70471
70504
70538
70628
70722
70723
70772
70799
70882
70950
71019
71022
71121
71151
71152
71203
71229
71241
71309
71402
71458
71530
71565
71624
71640
71647
71679
71768
71773
71854
71900
71990
72056
72136
72168
72180
72213
72247
72286
72303
72305
72365
72437
72490
72532
72557
72562
72631
72720
72745
72759
72805
72903
72904
72961
72975
72984
73026
73081
73147
73170
73171
73179
73220
73302
73343
73397
73412
73487
73532
73616
73693
73699
73707
73790
73838
73871
73911
73980
74055
74120
74203
74224
74239
74276
74306
74336
74382
74454
74491
74555
74602
74641
74714
74755
74776
74790
74885
74973
75014
75106
75179
75197
75295
75376
75429
75528
75595
75688
75708
75750
75809
75813
75828
75902
75995
76040
76096
76135
76205
76299
76302
76371
76404
76432
76494
76500
76542
76599
76645
76728
76730
76801
76855
76907
76912
76919
76970
77042
77043
77115
77129
77141
77169
77250
77336
77357
77383
77426
77438
77486
77575
77642
77712
77786
77882
77914
77946
78036
78078
78156
78182
78226
78276
78308
78404
78459
78498
78498
78577
78669
78693
78738
78742
78746
78772
78815
78892
78944
78982
79071
79124
79151
79159
79234
79235
79291
79298
79383
79482
79483
79546
79571
79616
79681
79738
79832
79904
79952
79998
80049
80142
80212
80308
80357
80383
80405
80497
80500
80527
80609
80653
80685
80694
80746
80753
80815
80876
80942
80989
81049
81117
81180
81265
81330
81410
81504
81563
81616
81710
81715
81771
81858
81885
81890
81927
81980
82007
82088
82144
82150
82214
82266
82356
82381
82438
82535
82623
82641
82657
82744
82822
82906
82956
82971
83020
83051
83060
83121
83157
83212
83230
83322
83365
83411
83460
83492
83543
83572
83585
83645
83680
83709
83721
83747
83802
83871
83946
84041
84080
84171
84253
84322
84349
84434
84518
84595
84663
84708
84798
84802
84803
84811
84859
84955
84961
85059
85087
85145
85172
85265
85335
85349
85372
85454
85546
85576
85580
85600
85625
85668
85731
85790
85855
85946
85990
86039
86059
86123
86170
86180
86248
86248
86318
86387
86483
86560
86579
86603
86690
86788
86857
86914
86926
87018
87057
87114
87188
87283
87360
87411
87502
87594
87605
87661
87744
87751
87808
87811
87883
87939
88004
88096
88152
88188
88249
88301
88314
88346
88374
88374
88404
88502
88511
88606
88648
88648
88700
88769
88865
88946
88966
89005
89078
89109
89156
89165
89256
89260
89324
89387
89448
89478
89533
89602
89620
89689
89763
89846
89847
89849
89884
89968
90020
90064
90143
90190
90234
90265
90281
90373
90437
90525
90556
90593
90613
90691
90737
90800
90835
90846
90872
90920
91013
91046
91063
91074
91128
91219
91265
91321
91367
91448
91540
91590
91615
91686
91783
91852
91906
91971
91985
92003
92057
92102
92157
92183
92259
92313
92402
92413
92430
92497
92508
92518
92518
92546
92619
92674
92746
92765
92828
92898
92898
92953
92973
93050
93128
93198
93296
93328
93363
93375
93425
93466
93524
93581
93600
93634
93645
93705
93802
93882
93909
93917
94007
94087
94175
94190
94277
94337
94371
94421
94451
94537
94594
94597
94660
94695
94768
94782
94849
94909
94935
95004
95058
95094
95120
95193
95215
95305
95391
95410
95480
95493
95572
95585
95678
95746
95774
95806
95886
95901
95983
96046
96099
96190
96256
96273
96351
96442
96525
96622
96673
96682
96748
96753
96799
96844
96875
96943
96978
96995
97035
97040
97122
97141
97159
97187
97226
97325
97385
97405
97419
97514
97549
97616
97702
97755
97791
97808
97852
97871
97885
97980
98061
98094
98147
98174
98252
98288
98335
98400
98405
98492
98562
98649
98708
98749
98764
98862
98954
98982
99052
99058
99081
99086
99111
99172
99230
99244
99322
99324
99409
99454
99504
99570
99600
99655
99700
99708
99751
99796
99821
99869
99953
100000
100035
100078
100166
100169
100211
100243
100326
100338
100428
100434
100504
100520
100539
100567
100649
100699
100782
100849
100944
100977
101063
101140
101180
101263
101348
101431
101459
101521
101552
101565
101574
101592
101648
101698
101771
101821
101903
101959
101974
102047
102061
102146
102235
102269
102334
102357
102441
102489
102531
102562
102595
102623
102631
102704
102716
102761
102769
102861
102868
102907
102912
102928
102938
102952
103018
103053
103069
103118
103162
103193
103215
103273
103289
103352
103444
103478
103564
103640
103722
103750
103757
103773
103782
103797
103886
103959
103971
104069
104134
104153
104242
104265
104301
104352
104441
104443
104530
104535
104538
104569
104658
104683
104724
104781
104821
104855
104946
104972
105034
105108
105115
105137
105227
105243
105332
105363
105404
105406
105487
105493
105514
105537
105618
105675
105749
105819
105831
105844
105872
105887
105983
106000
106093
106131
106205
106238
106262
106328
106340
106426
106518
106537
106545
106627
106714
106764
106829
106857
106909
107008
107094
107167
107189
107257
107340
107388
107478
107573
107587
107605
107667
107677
107712
107767
107767
107777
107818
107842
107870
107923
107986
108006
108030
108053
108107
108170
108243
108262
108305
108330
108400
108429
108480
108572
108621
108655
108748
108788
108869
108876
108934
109029
109046
109140
109191
109261
109317
109361
109455
109539
109636
109693
109749
109822
109855
109865
109901
109907
109988
110067
110099
110103
110111
110194
110290
110348
110417
110506
110604
110654
110750
110758
110803
110869
110871
110919
110955
110965
111057
111139
111185
111226
111318
111320
111334
111359
111423
111473
111504
111602
111631
111646
111648
111738
111788
111838
111838
111857
111949
111999
112020
112060
112118
112185
112191
112204
112271
112365
112388
112448
112477
112499
112552
112625
112649
112717
112815
112856
112874
112955
113046
113046
113095
113140
113182
113281
113376
113418
113437
113476
113520
113560
113640
113642
113701
113739
113806
113833
113918
113961
114000
114014
114079
114171
114258
114299
114359
114396
114430
114461
114479
114504
114587
114654
114676
114701
114720
114790
114809
114847
114856
114919
114949
115038
115055
115145
115225
115310
115379
115444
115472
115480
115511
115556
115556
115574
115660
115673
115680
115701
115797
115874
115972
116051
116148
116169
116225
116241
116284
116359
116365
116417
116507
116543
116637
116644
116722
116796
116840
116887
116978
117002
117057
117079
117148
117156
117248
117256
117329
117428
117509
117578
117606
117637
117637
117662
117714
117770
117811
117906
117937
117984
117984
118005
118041
118135
118215
118229
118249
118274
118336
118347
118396
118465
118550
118621
118698
118775
118854
118904
118932
118992
119063
119071
119162
119233
119267
119363
119390
119417
119460
119470
119497
119592
119675
119738
119779
119843
119872
119933
119974
120065
120089
120179
120192
120201
120262
120304
120342
120434
120527
120545
120549
120565
120592
120640
120728
120741
120785
120800
120840
120879
120957
120976
121063
121124
121206
121234
121259
121323
121413
121431
121486
121552
121561
121581
121609
121631
121694
121712
121779
121787
121824
121895
121919
121935
121954
121966
121995
122010
122090
122111
122118
122176
122217
122311
122382
122457
122479
122528
122567
122631
122698
122745
122776
122852
122919
122930
122981
123063
123092
123110
123200
123218
123307
123322
123356
123417
123496
123511
123587
123598
123687
123722
123743
123825
123854
123947
124004
124008
124050
124147
124215
124224
124320
124371
124409
124424
124486
124527
124625
124669
124680
124768
124830
124830
124885
124934
124947
124982
124998
125040
125086
125091
125168
125188
125275
125334
125347
125444
125507
125562
125608
125639
125655
125697
125732
125738
125795
125892
125939
125994
126035
126093
126189
126245
126256
126307
126312
126388
126426
126447
126465
126502
126581
126629
126686
126704
126711
126781
126796
126866
126943
127004
127057
127102
127157
127245
127297
127310
127348
127399
127419
127450
127512
127528
127615
127688
127756
127800
127801
127859
127877
127897
127992
128089
128109
128161
128176
128203
128225
128308
128357
128408
128452
128506
128603
128603
128646
128695
128760
128793
128793
128830
128846
128860
128914
128970
129009
129083
129083
129124
129156
129174
129187
129267
129334
129367
129399
129482
129494
129501
129567
129628
129686
129748
129763
129818
129832
129842
129898
129929
130024
130033
130102
130114
130137
130212
130280
130343
130344
130364
130420
130505
130596
130665
130730
130788
130790
130888
130981
131047
131104
131115
131142
131157
131183
131277
131300
131392
131449
131528
131552
131604
131692
131737
131753
131817
131837
131873
131900
131973
131982
132065
132123
132123
132127
132151
132161
132219
132293
132349
132373
132404
132423
132426
132524
132569
132666
132687
132725
132731
132732
132746
132805
132846
132905
132932
132937
132968
133032
133116
133120
133193
133212
133226
133251
133274
133364
133399
133432
133448
133491
133548
133595
133658
133718
133764
133772
133782
133801
133899
133915
133935
133947
133974
133988
134011
134066
134137
134143
134214
134270
134280
134376
134403
134480
134501
134552
134619
134627
134711
134795
134847
134941
135024
135039
135045
135126
135201
135217
135218
135244
135329
135402
135492
135556
135595
135609
135680
135691
135711
135753
135820
135903
135993
136039
136099
136110
136159
136238
136310
136396
136411
136435
136515
136614
136705
136791
136823
136841
136896
136929
136973
137013
137072
137159
137215
137313
137314
137342
137351
137424
137494
137522
137530
137543
137618
137686
137710
137734
137734
137782
137792
137807
137831
137873
137939
138006
138035
138134
138220
138256
138340
138422
138450
138493
138562
138646
138688
138710
138722
138725
138821
138856
138940
138944
138992
139051
139076
139100
139135
139212
139285
139383
139475
139572
139612
139623
139688
139709
139719
139722
139779
139873
139910
139995
140033
140040
140062
140094
140175
140209
140296
140325
140346
140417
140503
140524
140606
140669
140715
140733
140773
140844
140912
140996
141016
141024
141119
141156
141186
141243
141283
141322
141374
141452
141529
141571
141608
141707
141733
141803
141888
141901
141901
141960
141997
142083
142163
142182
142183
142209
142298
142339
142388
142445
142470
142540
66
139
146
194
224
224
263
297
327
343
419
438
505
559
648
701
769
810
822
827
906
950
1026
1106
1129
1195
1216
1288
1311
1410
1504
1545
1569
1623
1664
1670
1724
1805
1846
1882
1931
2000
2055
2072
2096
2192
2214
2306
2344
2430
2479
2548
2578
2655
2705
2758
2801
2824
2850
2869
2943
3015
3027
3125
3151
3205
3262
3342
3429
3527
3543
3579
3646
3669
3674
3765
3837
3864
3899
3909
3922
3958
4037
4081
4095
4176
4273
4282
4287
4362
4442
4473
4521
4614
4696
4722
4821
4860
4867
4905
4942
5017
5091
5147
5198
5278
5278
5301
5308
5343
5428
5501
5525
5541
5610
5648
5746
5764
5863
5918
6012
6092
6178
6272
6297
6365
6385
6461
6468
6547
6561
6657
6664
6704
6709
6719
6739
6744
6777
6857
6897
6967
6972
7036
7122
7196
7250
7334
7426
7432
7523
7561
7599
7677
7709
7724
7822
7827
7918
7976
8012
8017
8023
8118
8215
8226
8231
8249
8265
8355
8405
8462
8522
8577
8650
8697
8778
8858
8941
9014
9052
9127
9139
9215
9220
9316
9407
9410
9463
9497
9510
9600
9691
9711
9748
9836
9867
9910
9968
10016
10049
10057
10114
10208
10223
10305
10398
10494
10508
10584
10606
10658
10661
10695
10775
10783
10813
10884
10948
11032
11089
11166
11192
11240
11289
11352
11389
11422
11480
11527
11608
11700
11756
11846
11884
11907
11931
11962
12034
12073
12132
12226
12269
12332
12412
12436
12507
12517
12564
12651
12697
12702
12767
12791
12844
12910
12950
12992
13091
13189
13279
13311
13353
13451
13473
13553
13626
13725
13788
13833
13871
13894
13985
14018
14104
14175
14232
14289
14323
14328
14373
14453
14463
14525
14582
14597
14677
14774
14832
14912
15007
15055
15067
15157
15255
15342
15412
15483
15569
15603
15620
15696
15705
15713
15722
15817
15849
15868
15872
15938
15962
15963
16061
16147
16162
16217
16218
16314
16318
16329
16405
16457
16516
16556
16598
16655
16734
16746
16775
16792
16890
16988
17033
17040
17098
17105
17159
17249
17275
17334
17342
17344
17356
17363
17451
17479
17493
17534
17558
17629
17682
17734
17757
17821
17865
17930
18004
18028
18105
18160
18253
18281
18334
18373
18460
18523
18569
18663
18717
18741
18746
18760
18786
18803
18876
18942
18987
19027
19034
19055
19066
19078
19103
19137
19214
19236
19335
19386
19484
19512
19518
19609
19617
19628
19710
19806
19880
19960
20050
20130
20134
20229
20324
20406
20470
20490
20538
20600
20660
20668
20703
20774
20794
20855
20860
20909
20944
20948
20948
20981
21066
21124
21148
21241
21262
21321
21410
21458
21497
21528
21556
21600
21678
21753
21779
21874
21970
22045
22102
22110
22145
22237
22317
22372
22377
22414
22419
22459
22553
22610
22683
22762
22830
22880
22952
23041
23050
23064
23101
23149
23194
23212
23304
23380
23473
23544
23615
23656
23754
23834
23836
23869
23941
24023
24063
24141
24160
24205
24223
24236
24291
24383
24475
24498
24592
24609
24673
24676
24707
24709
24760
24788
24808
24904
24960
25025
25044
25123
25182
25199
25258
25319
25321
25353
25396
25438
25500
25514
25554
25586
25666
25761
25837
25861
25931
26001
26042
26076
26149
26173
26209
26286
26339
26347
26420
26429
26503
26595
26636
26669
26730
26730
26776
26839
26923
26964
26969
27067
27122
27167
27198
27285
27377
27384
27448
27510
27588
27645
27742
27745
27827
27912
27992
28079
28173
28178
28226
28246
28295
28384
28389
28399
28489
28540
28613
28639
28731
28762
28787
28886
28914
28970
29057
29078
29141
29192
29227
29320
29328
29412
29509
29551
29621
29698
29727
29743
29778
29856
29892
29976
30043
30084
30179
30188
30232
30252
30288
30324
30327
30340
30375
30407
30476
30550
30555
30639
30716
30756
30786
30872
30897
30924
30952
30999
31055
31065
31128
31219
31307
31358
31386
31441
31533
31608
31625
31713
31808
31861
31885
31984
32050
32061
32144
32231
32269
32357
32380
32395
32475
32528
32581
32638
32718
32800
32804
32893
32937
32956
32988
33020
33090
33150
33189
33203
33238
33294
33296
33379
33440
33518
33552
33579
33669
33686
33752
33780
33837
33927
34022
34059
34102
34151
34198
34274
34357
34408
34473
34500
34571
34668
34727
34768
34778
34876
34932
34977
35032
35090
35170
35238
35275
35289
35385
35464
35547
35561
35620
35712
35716
35770
35852
35852
35907
35936
36012
36050
36130
36223
36288
36291
36381
36457
36554
36606
36633
36686
36736
36770
36833
36863
36865
36917
37014
37112
37195
37227
37292
37334
37359
37380
37429
37436
37457
37461
37549
37646
37741
37809
37899
37911
37935
37968
38057
38078
38163
38179
38205
38292
38342
38383
38401
38453
38547
38614
38617
38646
38745
38813
38837
38913
38954
39027
39110
39173
39202
39273
39285
39361
39453
39456
39545
39613
39701
39779
39868
39893
39939
39954
39967
40063
40071
40154
40154
40156
40206
40261
40345
40346
40421
40429
40507
40524
40557
40570
40650
40664
40701
40793
40884
40965
41012
41092
41141
41228
41238
41276
41289
41345
41350
41428
41432
41445
41506
41510
41578
41641
41653
41657
41721
41808
41820
41862
41866
41911
41919
41955
42014
42059
42088
42138
42164
42192
42274
42349
42365
42457
42522
42603
42651
42673
42732
42784
42871
42943
42952
42959
42994
43015
43026
43077
43137
43212
43258
43323
43343
43397
43450
43482
43533
43615
43649
43726
43789
43806
43810
43841
43902
43923
43935
43945
44040
44063
44077
44159
44254
44329
44371
44453
44549
44554
44639
44648
44729
44760
44834
44835
44872
44899
44984
45072
45134
45154
45171
45248
45337
45358
45366
45416
45510
45530
45542
45631
45674
45701
45725
45815
45869
45887
45911
45914
45937
45946
45958
45962
46003
46089
46147
46225
46290
46333
46352
46431
46446
46482
46490
46494
46504
46520
46527
46531
46619
46638
46684
46767
46865
46887
46960
47013
47053
47102
47158
47173
47232
47300
47320
47372
47378
47408
47490
47513
47586
47587
47642
47683
47721
47784
47829
47829
47909
47913
47969
48037
48061
48115
48119
48193
48269
48298
48325
48393
48472
48507
48591
48629
48632
48688
48778
48839
48925
48997
49082
49141
49167
49207
49259
49275
49278
49328
49344
49379
49433
49505
49561
49591
49618
49678
49683
49738
49827
49911
49935
49955
49975
50035
50093
50116
50132
50132
50169
50171
50196
50218
50231
50282
50296
50362
50381
50450
50466
50501
50506
50576
50635
50648
50649
50687
50760
50818
50912
50926
50968
51038
51073
51135
51165
51210
51248
51294
51340
51415
51463
51486
51583
51644
51670
51733
51812
51857
51889
51984
52016
52053
52071
52162
52212
52231
52261
52336
52413
52437
52479
52550
52644
52673
52707
52783
52857
52929
52951
53023
53122
53144
53191
53239
53274
53347
53358
53373
53443
53486
53496
53498
53531
53559
53653
53688
53787
53863
53926
53954
54006
54011
54011
54057
54091
54177
54199
54259
54269
54365
54450
54459
54477
54509
54566
54619
54625
54693
54761
54789
54852
54883
54914
55010
55021
55098
55130
55193
55246
55293
55336
55341
55393
55488
55491
55529
55610
55687
55737
55780
55853
55888
55940
55983
56051
56112
56208
56234
56315
56332
56386
56431
56431
56516
56609
56672
56734
56811
56837
56904
56928
56950
57022
57050
57067
57142
57208
57259
57311
57328
57422
57499
57503
57550
57570
57642
57702
57771
57821
57863
57949
58006
58045
58083
58125
58209
58210
58267
58329
58409
58485
58571
58573
58622
58637
58656
58732
58765
58835
58864
58866
58931
58989
58996
59060
59139
59170
59246
59294
59328
59398
59484
59575
59584
59660
59745
59839
59916
60010
60018
60027
60098
60144
60155
60175
60188
60271
60367
60414
60419
60496
60497
60519
60555
60615
60653
60720
60812
60827
60842
60868
60953
61006
61075
61122
61151
61205
61298
61356
61405
61406
61474
61494
61541
61572
61664
61725
61791
61831
61891
61963
62033
62094
62140
62198
62220
62305
62330
62396
62448
62540
62584
62621
62666
62679
62763
62789
62856
62885
62969
62985
63015
63019
63107
63137
63173
63253
63344
63398
63471
63522
63548
63591
63655
63680
63681
63719
63729
63807
63811
63873
63943
63991
64042
64057
64070
64158
64251
64332
64349
64426
64475
64523
64605
64643
64673
64743
64813
64834
64858
64953
64977
64980
65070
65110
65138
65229
65308
65398
65419
65454
65458
65549
65633
65688
65746
65795
65890
65941
65971
65984
66013
66045
66058
66121
66143
66186
66271
66315
66331
66340
66380
66420
66484
66514
66594
66638
66712
66723
66809
66904
66951
67041
67128
67211
67309
67406
67438
67531
67580
67595
67601
67631
67678
67749
67842
67863
67877
67955
68020
68102
68141
68146
68168
68224
68312
68367
68367
